11101111
00000100
10000000
00001001
10010011
01001010
10100010
00000000
01100011
11111010
00111110
00000110
01100011
00010110
00011101
00001001
10110011
11001000
00011100
00000000
00110111
00000111
00000001
00000000
01100111
00001110
10101110
00000000
00010011
10110111
01110100
00000000
10010011
10110000
00000110
00000000
10110011
11110111
01000111
00000001
01100011
11100000
10101011
00000100
11100111
10001000
01000101
00000000
00000011
00011001
00101000
00000000
00110011
01001110
11100101
00000001
10010011
11010010
00010000
00000001
00100011
10100101
00111111
00000001
00110011
10101100
10010001
00000001
10010011
01101001
00100110
00000000
10110011
00001101
10100100
00000001
00110011
00111001
10100010
00000000
10110011
10001111
01000000
01000001
01100011
11101000
01101101
00010010
00110011
10001110
01001100
00000001
10010011
01101111
01011110
00000000
00010011
11110101
01010111
00000000
10110011
00100001
11100000
00000001
00110011
00001011
01100010
00000000
00110011
00001010
10000011
00000001
11100111
10000001
00010001
00000000
10110011
01010000
00101110
00000001
10110011
01011111
10010101
01000000
11100111
00001100
10100110
00000000
00000011
10100100
10000111
00000000
01100011
11101100
10111110
00001110
10010011
10101001
00100010
00000000
11100011
01101000
01010111
11111000
10010011
11111010
10011000
00000000
11100011
11100000
00110011
11111111
10110011
10100110
11101011
00000001
10000011
00100011
00011001
00000000
00000011
10001110
10000010
00000000
10110111
00000001
00000000
00000000
00010011
01000001
10011101
00000000
01100011
01000100
10011011
00001010
10110111
01011110
00000001
00000000
00010011
11010111
01101001
01000001
00010011
11100101
00001100
00000000
00110011
01010100
10110000
01000001
01101111
11111101
10011111
11111101
10110011
11011011
10100110
01000001
00100011
10000000
00000011
00000001
10110111
10100000
00000001
00000000
11100011
10011100
11011110
11111110
10000011
10000010
00110011
00000000
00100011
00000001
01110100
00000001
00110011
10011110
00001100
00000001
00110011
01101111
11110011
00000001
00110011
00111000
11111010
00000001
11100011
11110110
11011011
11111001
00010011
10001100
01000000
00000000
00000011
00101111
01110011
00000000
10110011
10101100
11011010
00000001
01100011
01110110
01000100
00001001
00110011
01111001
10101011
00000001
10110011
00001110
11000100
00000000
10000011
11011011
00100100
00000000
00010011
10100001
01011110
00000000
11100011
01111110
11010001
11110100
10010011
00000000
10001110
00000000
10000011
10101101
10001001
00000000
11100011
11010010
00101011
11110001
10110111
10001101
00000001
00000000
11100011
00010100
01101101
11111011
10010011
11101010
01100010
00000000
10010111
00101000
00000000
00000000
10010011
10101011
01001101
00000000
01100011
00000010
00001010
00000011
01100011
01111000
10011000
00000101
00110011
10001000
10000010
01000001
00110011
01100010
00111100
00000000
10110011
00111011
01000110
00000000
00110011
00100101
00011110
00000001
00010011
11100010
00011001
00000000
10110011
11100110
00011100
00000001
10010011
10000011
10000001
00000000
10010111
00000101
00000000
00000000
00010011
01100101
00110111
00000000
00010011
00010010
11010101
00000000
10110011
00010000
11100111
00000001
00100011
10000011
00100101
00000000
00100011
10000100
01001101
00000000
10010011
01010101
00100100
01000001
10110011
11000110
01100000
00000000
00110011
11010100
00111110
01000001
00010011
00001110
00101010
00000000
10010011
11010101
01101001
01000000
11100011
10011100
11100110
11110000
01100111
00001011
00010000
00000000
10100011
00000001
10010110
00000001
10110011
01111001
01010001
00000001